16X16

VGG minimum image size is 

28x28
Not possible with VGG16

32X32
N1

Validation set prediction:
[[ 0  0  0  0  0  0  0 20  0  0  0  0  0  0  0  0]
 [ 0  0  0  0  0  0  0 19  0  0  0  0  0  0  0  0]
 [ 0  0  0  0  0  0 12  6  0  2  0  0  0  0  0  0]
 [ 0  0  0  0  0  0  0 18  0  0  0  0  0  0  0  0]
 [ 0  0  0  0  0  0  1 20  0  0  0  0  0  0  0  0]
 [ 0  0  0  0  0  0  0 14  0  1  0  0  1  0  0  0]
 [ 0  0  0  0  0  0  1  0  0  0  0  0 14  0  0  0]
 [ 0  0  0  0  0  0  0 17  0  0  0  0  0  0  0  0]
 [ 0  0  0  0  0  0  0 13  0  0  0  0  0  0  0  0]
 [ 0  0  0  0  0  0 12  2  0  1  0  0  0  0  0  0]
 [ 0  0  0  0  0  0  0  0  0  0 12  0  3  0  0  0]
 [ 0  0  0  0  0  0  0 16  0  1  0  0  0  0  0  0]
 [ 0  0  0  0  0  0  0  0  0  0  4  0 16  0  0  0]
 [ 0  0  0  0  0  0  0 20  0  0  0  0  0  0  0  0]
 [ 0  0  0  0  0  0  0 15  0  0  0  0  0  0  0  0]
 [ 0  0  0  0  0  0  0  0  0  0  0  0  0  0  0 40]]
              precision    recall  f1-score   support

           0      0.000     0.000     0.000        20
           1      0.000     0.000     0.000        19
           2      0.000     0.000     0.000        20
           3      0.000     0.000     0.000        18
           4      0.000     0.000     0.000        21
           5      0.000     0.000     0.000        16
           6      0.038     0.067     0.049        15
           7      0.094     1.000     0.173        17
           8      0.000     0.000     0.000        13
           9      0.200     0.067     0.100        15
          10      0.750     0.800     0.774        15
          11      0.000     0.000     0.000        17
          12      0.471     0.800     0.593        20
          13      0.000     0.000     0.000        20
          14      0.000     0.000     0.000        15
          15      1.000     1.000     1.000        40

    accuracy                          0.289       301
   macro avg      0.160     0.233     0.168       301
weighted avg      0.219     0.289     0.228       301

/usr/local/lib/python3.7/dist-packages/sklearn/metrics/_classification.py:1272: UndefinedMetricWarning: Precision and F-score are ill-defined and being set to 0.0 in labels with no predicted samples. Use `zero_division` parameter to control this behavior.
  _warn_prf(average, modifier, msg_start, len(result))

Test set prediction:
[[ 0  0  0  0  0  0  0 30  0  0  0  0  0  0  0  0]
 [ 0  0  0  0  0  0  0 30  0  0  0  0  0  0  0  0]
 [ 0  0  0  0  0  0 18  7  0  4  0  0  1  0  0  0]
 [ 0  0  0  0  0  0  0 30  0  0  0  0  0  0  0  0]
 [ 0  0  0  0  0  0  0 30  0  0  0  0  0  0  0  0]
 [ 0  0  0  0  0  0  9 20  0  1  0  0  0  0  0  0]
 [ 0  0  0  0  0  0  7  0  0  0  0  0 23  0  0  0]
 [ 0  0  0  0  0  0  0 30  0  0  0  0  0  0  0  0]
 [ 0  0  0  0  0  0  0 30  0  0  0  0  0  0  0  0]
 [ 0  0  0  0  0  0 19  5  0  6  0  0  0  0  0  0]
 [ 0  0  0  0  0  0  0  0  0  0 28  0  2  0  0  0]
 [ 0  0  0  0  0  0  2 27  0  1  0  0  0  0  0  0]
 [ 0  0  0  0  0  0  0  0  0  0  5  0 25  0  0  0]
 [ 0  0  0  0  0  0  0 29  0  1  0  0  0  0  0  0]
 [ 0  0  0  0  0  0  0 30  0  0  0  0  0  0  0  0]
 [ 0  0  0  0  0  0  0  0  0  0  0  0  0  0  0 60]]
              precision    recall  f1-score   support

           0      0.000     0.000     0.000        30
           1      0.000     0.000     0.000        30
           2      0.000     0.000     0.000        30
           3      0.000     0.000     0.000        30
           4      0.000     0.000     0.000        30
           5      0.000     0.000     0.000        30
           6      0.127     0.233     0.165        30
           7      0.101     1.000     0.183        30
           8      0.000     0.000     0.000        30
           9      0.462     0.200     0.279        30
          10      0.848     0.933     0.889        30
          11      0.000     0.000     0.000        30
          12      0.490     0.833     0.617        30
          13      0.000     0.000     0.000        30
          14      0.000     0.000     0.000        30
          15      1.000     1.000     1.000        60

    accuracy                          0.306       510
   macro avg      0.189     0.263     0.196       510
weighted avg      0.237     0.306     0.243       510



N2
Validation set prediction:
[[20  0  0  0  0  0  0  0  0  0  0  0  0  0  0  0]
 [ 0 19  0  0  0  0  0  0  0  0  0  0  0  0  0  0]
 [ 0  0 20  0  0  0  0  0  0  0  0  0  0  0  0  0]
 [ 0  0  0 18  0  0  0  0  0  0  0  0  0  0  0  0]
 [ 0  0  0  0 21  0  0  0  0  0  0  0  0  0  0  0]
 [ 0  0  0  0  0 15  0  0  0  1  0  0  0  0  0  0]
 [ 0  0  0  0  0  0 15  0  0  0  0  0  0  0  0  0]
 [ 0  0  0  0  0  0  0 17  0  0  0  0  0  0  0  0]
 [ 1  0  0  0  0  0  0  0 12  0  0  0  0  0  0  0]
 [ 0  0  0  0  0  0  0  0  0 15  0  0  0  0  0  0]
 [ 0  0  0  0  0  0  0  0  0  0 15  0  0  0  0  0]
 [ 0  0  0  0  0  0  0  0  0  0  0 17  0  0  0  0]
 [ 0  0  0  0  0  0  0  0  0  0 11  0  9  0  0  0]
 [ 0  0  0  1  0  0  0  0  0  0  0  0  0 19  0  0]
 [ 0  0  0  0  0  0  0  0  0  0  0  0  0  0 15  0]
 [ 0  0  0  0  0  0  0  0  0  0  0  0  0  0  0 40]]
              precision    recall  f1-score   support

           0      0.952     1.000     0.976        20
           1      1.000     1.000     1.000        19
           2      1.000     1.000     1.000        20
           3      0.947     1.000     0.973        18
           4      1.000     1.000     1.000        21
           5      1.000     0.938     0.968        16
           6      1.000     1.000     1.000        15
           7      1.000     1.000     1.000        17
           8      1.000     0.923     0.960        13
           9      0.938     1.000     0.968        15
          10      0.577     1.000     0.732        15
          11      1.000     1.000     1.000        17
          12      1.000     0.450     0.621        20
          13      1.000     0.950     0.974        20
          14      1.000     1.000     1.000        15
          15      1.000     1.000     1.000        40

    accuracy                          0.953       301
   macro avg      0.963     0.954     0.948       301
weighted avg      0.969     0.953     0.951       301

Test set prediction:
[[29  0  0  0  0  0  0  0  1  0  0  0  0  0  0  0]
 [ 0 30  0  0  0  0  0  0  0  0  0  0  0  0  0  0]
 [ 0  0 30  0  0  0  0  0  0  0  0  0  0  0  0  0]
 [ 0  0  0 30  0  0  0  0  0  0  0  0  0  0  0  0]
 [ 0  0  0  0 30  0  0  0  0  0  0  0  0  0  0  0]
 [ 0  0  0  0  0 30  0  0  0  0  0  0  0  0  0  0]
 [ 0  0  0  0  0  0 30  0  0  0  0  0  0  0  0  0]
 [ 0  0  0  0  0  0  0 29  1  0  0  0  0  0  0  0]
 [ 3  0  0  0  0  0  0  0 27  0  0  0  0  0  0  0]
 [ 0  0  0  0  0  0  0  0  0 30  0  0  0  0  0  0]
 [ 0  0  0  0  0  0  0  0  0  0 30  0  0  0  0  0]
 [ 0  0  0  0  0  0  0  0  0  0  0 30  0  0  0  0]
 [ 0  0  0  0  0  0  0  0  0  0  9  0 21  0  0  0]
 [ 0  0  0  0  0  0  0  0  0  0  0  0  0 30  0  0]
 [ 0  0  0  0  0  0  0  0  0  0  0  0  0  0 30  0]
 [ 0  0  0  0  0  0  0  0  0  0  0  0  0  0  0 60]]
              precision    recall  f1-score   support

           0      0.906     0.967     0.935        30
           1      1.000     1.000     1.000        30
           2      1.000     1.000     1.000        30
           3      1.000     1.000     1.000        30
           4      1.000     1.000     1.000        30
           5      1.000     1.000     1.000        30
           6      1.000     1.000     1.000        30
           7      1.000     0.967     0.983        30
           8      0.931     0.900     0.915        30
           9      1.000     1.000     1.000        30
          10      0.769     1.000     0.870        30
          11      1.000     1.000     1.000        30
          12      1.000     0.700     0.824        30
          13      1.000     1.000     1.000        30
          14      1.000     1.000     1.000        30
          15      1.000     1.000     1.000        60

    accuracy                          0.973       510
   macro avg      0.975     0.971     0.970       510
weighted avg      0.977     0.973     0.972       510


N3

Validation set prediction:
[[20  0  0  0  0  0  0  0  0  0  0  0  0  0  0  0]
 [ 0 19  0  0  0  0  0  0  0  0  0  0  0  0  0  0]
 [ 0  0 20  0  0  0  0  0  0  0  0  0  0  0  0  0]
 [ 0  0  0 18  0  0  0  0  0  0  0  0  0  0  0  0]
 [ 0  0  0  0 21  0  0  0  0  0  0  0  0  0  0  0]
 [ 0  0  0  0  0 16  0  0  0  0  0  0  0  0  0  0]
 [ 0  0  0  0  0  0 15  0  0  0  0  0  0  0  0  0]
 [ 0  0  0  0  0  0  0 17  0  0  0  0  0  0  0  0]
 [ 0  0  0  0  0  0  0  0 13  0  0  0  0  0  0  0]
 [ 0  0  0  0  0  0  0  0  0 15  0  0  0  0  0  0]
 [ 0  0  0  0  0  0  0  0  0  0 15  0  0  0  0  0]
 [ 0  0  0  0  0  0  0  0  0  0  0 17  0  0  0  0]
 [ 0  0  0  0  0  0  0  0  0  0  0  0 20  0  0  0]
 [ 0  0  0  0  0  0  0  0  0  0  0  0  0 20  0  0]
 [ 0  0  0  0  0  0  0  0  0  0  0  0  0  0 15  0]
 [ 0  0  0  0  0  0  0  0  0  0  0  0  0  0  0 40]]
              precision    recall  f1-score   support

           0      1.000     1.000     1.000        20
           1      1.000     1.000     1.000        19
           2      1.000     1.000     1.000        20
           3      1.000     1.000     1.000        18
           4      1.000     1.000     1.000        21
           5      1.000     1.000     1.000        16
           6      1.000     1.000     1.000        15
           7      1.000     1.000     1.000        17
           8      1.000     1.000     1.000        13
           9      1.000     1.000     1.000        15
          10      1.000     1.000     1.000        15
          11      1.000     1.000     1.000        17
          12      1.000     1.000     1.000        20
          13      1.000     1.000     1.000        20
          14      1.000     1.000     1.000        15
          15      1.000     1.000     1.000        40

    accuracy                          1.000       301
   macro avg      1.000     1.000     1.000       301
weighted avg      1.000     1.000     1.000       301

Test set prediction:
[[29  0  0  0  0  0  0  0  1  0  0  0  0  0  0  0]
 [ 0 30  0  0  0  0  0  0  0  0  0  0  0  0  0  0]
 [ 0  0 30  0  0  0  0  0  0  0  0  0  0  0  0  0]
 [ 0  0  0 30  0  0  0  0  0  0  0  0  0  0  0  0]
 [ 0  0  0  0 30  0  0  0  0  0  0  0  0  0  0  0]
 [ 0  0  0  0  0 30  0  0  0  0  0  0  0  0  0  0]
 [ 0  0  0  0  0  0 30  0  0  0  0  0  0  0  0  0]
 [ 0  0  0  0  0  0  0 30  0  0  0  0  0  0  0  0]
 [ 0  0  0  0  0  0  0  0 30  0  0  0  0  0  0  0]
 [ 0  0  0  0  0  0  0  0  0 30  0  0  0  0  0  0]
 [ 0  0  0  0  0  0  0  0  0  0 30  0  0  0  0  0]
 [ 0  0  0  0  0  0  0  0  0  0  0 30  0  0  0  0]
 [ 0  0  0  0  0  0  0  0  0  0  0  0 30  0  0  0]
 [ 0  0  0  0  0  0  0  0  0  0  0  0  0 30  0  0]
 [ 0  0  0  0  0  0  0  0  0  0  0  0  0  0 30  0]
 [ 0  0  0  0  0  0  0  0  0  0  0  0  0  0  0 60]]
              precision    recall  f1-score   support

           0      1.000     0.967     0.983        30
           1      1.000     1.000     1.000        30
           2      1.000     1.000     1.000        30
           3      1.000     1.000     1.000        30
           4      1.000     1.000     1.000        30
           5      1.000     1.000     1.000        30
           6      1.000     1.000     1.000        30
           7      1.000     1.000     1.000        30
           8      0.968     1.000     0.984        30
           9      1.000     1.000     1.000        30
          10      1.000     1.000     1.000        30
          11      1.000     1.000     1.000        30
          12      1.000     1.000     1.000        30
          13      1.000     1.000     1.000        30
          14      1.000     1.000     1.000        30
          15      1.000     1.000     1.000        60

    accuracy                          0.998       510
   macro avg      0.998     0.998     0.998       510
weighted avg      0.998     0.998     0.998       510



N4

Validation set prediction:
[[20  0  0  0  0  0  0  0  0  0  0  0  0  0  0  0]
 [ 0 19  0  0  0  0  0  0  0  0  0  0  0  0  0  0]
 [ 0  0 20  0  0  0  0  0  0  0  0  0  0  0  0  0]
 [ 0  0  0 18  0  0  0  0  0  0  0  0  0  0  0  0]
 [ 0  0  0  0 21  0  0  0  0  0  0  0  0  0  0  0]
 [ 0  0  0  0  0 16  0  0  0  0  0  0  0  0  0  0]
 [ 0  0  0  0  0  0 15  0  0  0  0  0  0  0  0  0]
 [ 0  0  0  0  0  0  0 17  0  0  0  0  0  0  0  0]
 [ 1  0  0  0  0  0  0  0 12  0  0  0  0  0  0  0]
 [ 0  0  0  0  0  0  0  0  0 15  0  0  0  0  0  0]
 [ 0  0  0  0  0  0  0  0  0  0 15  0  0  0  0  0]
 [ 0  0  0  0  0  0  0  0  0  0  0 17  0  0  0  0]
 [ 0  0  0  0  0  0  0  0  0  0  0  0 20  0  0  0]
 [ 0  0  0  0  0  0  0  0  0  0  0  0  0 20  0  0]
 [ 0  0  0  0  0  0  0  0  0  0  0  0  0  0 15  0]
 [ 0  0  0  0  0  0  0  0  0  0  0  0  0  0  0 40]]
              precision    recall  f1-score   support

           0      0.952     1.000     0.976        20
           1      1.000     1.000     1.000        19
           2      1.000     1.000     1.000        20
           3      1.000     1.000     1.000        18
           4      1.000     1.000     1.000        21
           5      1.000     1.000     1.000        16
           6      1.000     1.000     1.000        15
           7      1.000     1.000     1.000        17
           8      1.000     0.923     0.960        13
           9      1.000     1.000     1.000        15
          10      1.000     1.000     1.000        15
          11      1.000     1.000     1.000        17
          12      1.000     1.000     1.000        20
          13      1.000     1.000     1.000        20
          14      1.000     1.000     1.000        15
          15      1.000     1.000     1.000        40

    accuracy                          0.997       301
   macro avg      0.997     0.995     0.996       301
weighted avg      0.997     0.997     0.997       301

Test set prediction:
[[29  0  0  0  0  0  0  0  1  0  0  0  0  0  0  0]
 [ 0 30  0  0  0  0  0  0  0  0  0  0  0  0  0  0]
 [ 0  0 30  0  0  0  0  0  0  0  0  0  0  0  0  0]
 [ 0  0  0 30  0  0  0  0  0  0  0  0  0  0  0  0]
 [ 0  0  0  0 30  0  0  0  0  0  0  0  0  0  0  0]
 [ 0  0  0  0  0 30  0  0  0  0  0  0  0  0  0  0]
 [ 0  0  0  0  0  0 30  0  0  0  0  0  0  0  0  0]
 [ 0  0  0  0  0  0  0 30  0  0  0  0  0  0  0  0]
 [ 1  0  0  0  0  0  0  0 29  0  0  0  0  0  0  0]
 [ 0  0  0  0  0  0  0  0  0 30  0  0  0  0  0  0]
 [ 0  0  0  0  0  0  0  0  0  0 30  0  0  0  0  0]
 [ 0  0  0  0  0  0  0  0  0  0  0 30  0  0  0  0]
 [ 0  0  0  0  0  0  0  0  0  0  0  0 30  0  0  0]
 [ 0  0  0  0  0  0  0  0  0  0  0  0  0 30  0  0]
 [ 0  0  0  0  0  0  0  0  0  0  0  0  0  0 30  0]
 [ 0  0  0  0  0  0  0  0  0  0  0  0  0  0  0 60]]
              precision    recall  f1-score   support

           0      0.967     0.967     0.967        30
           1      1.000     1.000     1.000        30
           2      1.000     1.000     1.000        30
           3      1.000     1.000     1.000        30
           4      1.000     1.000     1.000        30
           5      1.000     1.000     1.000        30
           6      1.000     1.000     1.000        30
           7      1.000     1.000     1.000        30
           8      0.967     0.967     0.967        30
           9      1.000     1.000     1.000        30
          10      1.000     1.000     1.000        30
          11      1.000     1.000     1.000        30
          12      1.000     1.000     1.000        30
          13      1.000     1.000     1.000        30
          14      1.000     1.000     1.000        30
          15      1.000     1.000     1.000        60

    accuracy                          0.996       510
   macro avg      0.996     0.996     0.996       510
weighted avg      0.996     0.996     0.996       510



48X48

N1
Validation set prediction:
[[ 0  0  0  0  0  0  0  0  0  0  0  0  0  0  0  6]
 [ 0  0  0  0  0  0  0  0  0  0  0  0  0  0  0  7]
 [ 0  0  0  0  0  0  0  0  0  0  0  0  0  0  0  9]
 [ 0  0  0  0  0  0  0  0  0  0  0  0  0  0  0 11]
 [ 0  0  0  0  0  0  0  0  0  0  0  0  0  0  0  5]
 [ 0  0  0  0  0  0  0  0  0  0  0  0  0  0  0  8]
 [ 0  0  0  0  0  0  0  0  0  0  0  0  0  0  0  8]
 [ 0  0  0  0  0  0  0  0  0  0  0  0  0  0  0  9]
 [ 0  0  0  0  0  0  0  0  0  0  0  0  0  0  0 10]
 [ 0  0  0  0  0  0  0  0  0  0  0  0  0  0  0  5]
 [ 0  0  0  0  0  0  0  0  0  0  0  0  0  0  0  4]
 [ 0  0  0  0  0  0  0  0  0  0  0  0  0  0  0  8]
 [ 0  0  0  0  0  0  0  0  0  0  0  0  0  0  0  8]
 [ 0  0  0  0  0  0  0  0  0  0  0  0  0  0  0  7]
 [ 0  0  0  0  0  0  0  0  0  0  0  0  0  0  0 11]
 [ 0  0  0  0  0  0  0  0  0  0  0  0  0  0  0 17]]
              precision    recall  f1-score   support

           0      0.000     0.000     0.000         6
           1      0.000     0.000     0.000         7
           2      0.000     0.000     0.000         9
           3      0.000     0.000     0.000        11
           4      0.000     0.000     0.000         5
           5      0.000     0.000     0.000         8
           6      0.000     0.000     0.000         8
           7      0.000     0.000     0.000         9
           8      0.000     0.000     0.000        10
           9      0.000     0.000     0.000         5
          10      0.000     0.000     0.000         4
          11      0.000     0.000     0.000         8
          12      0.000     0.000     0.000         8
          13      0.000     0.000     0.000         7
          14      0.000     0.000     0.000        11
          15      0.128     1.000     0.227        17

    accuracy                          0.128       133
   macro avg      0.008     0.062     0.014       133
weighted avg      0.016     0.128     0.029       133

/usr/local/lib/python3.7/dist-packages/sklearn/metrics/_classification.py:1272: UndefinedMetricWarning: Precision and F-score are ill-defined and being set to 0.0 in labels with no predicted samples. Use `zero_division` parameter to control this behavior.
  _warn_prf(average, modifier, msg_start, len(result))

Test set prediction:
[[ 0  0  0  0  0  0  0  0  0  0  0  0  0  0  0 14]
 [ 0  0  0  0  0  0  0  0  0  0  0  0  0  0  0 13]
 [ 0  0  0  0  0  0  0  0  0  0  0  0  0  0  0 14]
 [ 0  0  0  0  0  0  0  0  0  0  0  0  0  0  0 14]
 [ 0  0  0  0  0  0  0  0  0  0  0  0  0  0  0 13]
 [ 0  0  0  0  0  0  0  0  0  0  0  0  0  0  0 13]
 [ 0  0  0  0  0  0  0  0  0  0  0  0  0  0  0 13]
 [ 0  0  0  0  0  0  0  0  0  0  0  0  0  0  0 13]
 [ 0  0  0  0  0  0  0  0  0  0  0  0  0  0  0 13]
 [ 0  0  0  0  0  0  0  0  0  0  0  0  0  0  0 14]
 [ 0  0  0  0  0  0  0  0  0  0  0  0  0  0  0 13]
 [ 0  0  0  0  0  0  0  0  0  0  0  0  0  0  0 13]
 [ 0  0  0  0  0  0  0  0  0  0  0  0  0  0  0 14]
 [ 0  0  0  0  0  0  0  0  0  0  0  0  0  0  0 13]
 [ 0  0  0  0  0  0  0  0  0  0  0  0  0  0  0 13]
 [ 0  0  0  0  0  0  0  0  0  0  0  0  0  0  0 27]]
              precision    recall  f1-score   support

           0      0.000     0.000     0.000        14
           1      0.000     0.000     0.000        13
           2      0.000     0.000     0.000        14
           3      0.000     0.000     0.000        14
           4      0.000     0.000     0.000        13
           5      0.000     0.000     0.000        13
           6      0.000     0.000     0.000        13
           7      0.000     0.000     0.000        13
           8      0.000     0.000     0.000        13
           9      0.000     0.000     0.000        14
          10      0.000     0.000     0.000        13
          11      0.000     0.000     0.000        13
          12      0.000     0.000     0.000        14
          13      0.000     0.000     0.000        13
          14      0.000     0.000     0.000        13
          15      0.119     1.000     0.213        27

    accuracy                          0.119       227
   macro avg      0.007     0.062     0.013       227
weighted avg      0.014     0.119     0.025       227




N2
Validation set prediction:
[[ 6  0  0  0  0  0  0  0  0  0  0  0  0  0  0  0]
 [ 0  7  0  0  0  0  0  0  0  0  0  0  0  0  0  0]
 [ 0  0  9  0  0  0  0  0  0  0  0  0  0  0  0  0]
 [ 0  0  0 11  0  0  0  0  0  0  0  0  0  0  0  0]
 [ 0  0  0  0  5  0  0  0  0  0  0  0  0  0  0  0]
 [ 0  0  0  0  0  8  0  0  0  0  0  0  0  0  0  0]
 [ 0  0  0  0  0  0  8  0  0  0  0  0  0  0  0  0]
 [ 0  0  0  0  0  0  0  9  0  0  0  0  0  0  0  0]
 [ 0  0  1  0  0  0  0  0  9  0  0  0  0  0  0  0]
 [ 0  0  0  0  0  0  0  0  0  5  0  0  0  0  0  0]
 [ 0  0  0  0  0  0  0  0  0  0  4  0  0  0  0  0]
 [ 0  0  0  0  0  0  0  0  0  0  0  8  0  0  0  0]
 [ 0  0  0  0  0  0  0  0  0  0  0  0  8  0  0  0]
 [ 0  0  0  0  0  0  0  0  0  0  0  0  0  7  0  0]
 [ 0  0  0  0  0  0  0  0  0  0  0  0  0  0 11  0]
 [ 0  0  0  0  0  0  0  0  0  0  0  0  0  0  0 17]]
              precision    recall  f1-score   support

           0      1.000     1.000     1.000         6
           1      1.000     1.000     1.000         7
           2      0.900     1.000     0.947         9
           3      1.000     1.000     1.000        11
           4      1.000     1.000     1.000         5
           5      1.000     1.000     1.000         8
           6      1.000     1.000     1.000         8
           7      1.000     1.000     1.000         9
           8      1.000     0.900     0.947        10
           9      1.000     1.000     1.000         5
          10      1.000     1.000     1.000         4
          11      1.000     1.000     1.000         8
          12      1.000     1.000     1.000         8
          13      1.000     1.000     1.000         7
          14      1.000     1.000     1.000        11
          15      1.000     1.000     1.000        17

    accuracy                          0.992       133
   macro avg      0.994     0.994     0.993       133
weighted avg      0.993     0.992     0.992       133

Test set prediction:
[[14  0  0  0  0  0  0  0  0  0  0  0  0  0  0  0]
 [ 0 13  0  0  0  0  0  0  0  0  0  0  0  0  0  0]
 [ 0  0 14  0  0  0  0  0  0  0  0  0  0  0  0  0]
 [ 0  0  0 14  0  0  0  0  0  0  0  0  0  0  0  0]
 [ 0  0  0  0 13  0  0  0  0  0  0  0  0  0  0  0]
 [ 0  0  0  0  0 12  0  0  0  1  0  0  0  0  0  0]
 [ 0  0  0  0  0  0 13  0  0  0  0  0  0  0  0  0]
 [ 0  0  0  0  0  0  0 12  1  0  0  0  0  0  0  0]
 [ 0  0  0  0  0  0  0  0 13  0  0  0  0  0  0  0]
 [ 0  0  0  0  0  0  0  0  0 14  0  0  0  0  0  0]
 [ 0  0  0  0  0  0  0  0  0  0 13  0  0  0  0  0]
 [ 0  0  0  0  0  0  0  0  0  0  0 13  0  0  0  0]
 [ 0  0  0  0  0  0  0  0  0  0  0  0 14  0  0  0]
 [ 0  0  0  0  0  0  0  0  0  0  0  0  0 13  0  0]
 [ 0  0  0  0  0  0  0  0  0  0  0  0  0  0 13  0]
 [ 0  0  0  0  0  0  0  0  0  0  0  0  0  0  0 27]]
              precision    recall  f1-score   support

           0      1.000     1.000     1.000        14
           1      1.000     1.000     1.000        13
           2      1.000     1.000     1.000        14
           3      1.000     1.000     1.000        14
           4      1.000     1.000     1.000        13
           5      1.000     0.923     0.960        13
           6      1.000     1.000     1.000        13
           7      1.000     0.923     0.960        13
           8      0.929     1.000     0.963        13
           9      0.933     1.000     0.966        14
          10      1.000     1.000     1.000        13
          11      1.000     1.000     1.000        13
          12      1.000     1.000     1.000        14
          13      1.000     1.000     1.000        13
          14      1.000     1.000     1.000        13
          15      1.000     1.000     1.000        27

    accuracy                          0.991       227
   macro avg      0.991     0.990     0.991       227
weighted avg      0.992     0.991     0.991       227


N3
Validation set prediction:
[[ 6  0  0  0  0  0  0  0  0  0  0  0  0  0  0  0]
 [ 0  7  0  0  0  0  0  0  0  0  0  0  0  0  0  0]
 [ 0  0  9  0  0  0  0  0  0  0  0  0  0  0  0  0]
 [ 0  0  0 11  0  0  0  0  0  0  0  0  0  0  0  0]
 [ 0  0  0  0  5  0  0  0  0  0  0  0  0  0  0  0]
 [ 0  0  0  0  0  8  0  0  0  0  0  0  0  0  0  0]
 [ 0  0  0  0  0  0  8  0  0  0  0  0  0  0  0  0]
 [ 0  0  0  0  0  0  0  9  0  0  0  0  0  0  0  0]
 [ 0  0  1  0  0  0  0  0  9  0  0  0  0  0  0  0]
 [ 0  0  0  0  0  0  0  0  0  5  0  0  0  0  0  0]
 [ 0  0  0  0  0  0  0  0  0  0  4  0  0  0  0  0]
 [ 0  0  0  0  0  0  0  0  0  0  0  8  0  0  0  0]
 [ 0  0  0  0  0  0  0  0  0  0  0  0  8  0  0  0]
 [ 0  0  0  0  0  0  0  0  0  0  0  0  0  7  0  0]
 [ 0  0  0  0  0  0  0  0  0  0  0  0  0  0 11  0]
 [ 0  0  0  0  0  0  0  0  0  0  0  0  0  0  0 17]]
              precision    recall  f1-score   support

           0      1.000     1.000     1.000         6
           1      1.000     1.000     1.000         7
           2      0.900     1.000     0.947         9
           3      1.000     1.000     1.000        11
           4      1.000     1.000     1.000         5
           5      1.000     1.000     1.000         8
           6      1.000     1.000     1.000         8
           7      1.000     1.000     1.000         9
           8      1.000     0.900     0.947        10
           9      1.000     1.000     1.000         5
          10      1.000     1.000     1.000         4
          11      1.000     1.000     1.000         8
          12      1.000     1.000     1.000         8
          13      1.000     1.000     1.000         7
          14      1.000     1.000     1.000        11
          15      1.000     1.000     1.000        17

    accuracy                          0.992       133
   macro avg      0.994     0.994     0.993       133
weighted avg      0.993     0.992     0.992       133

Test set prediction:
[[14  0  0  0  0  0  0  0  0  0  0  0  0  0  0  0]
 [ 0 13  0  0  0  0  0  0  0  0  0  0  0  0  0  0]
 [ 0  0 14  0  0  0  0  0  0  0  0  0  0  0  0  0]
 [ 0  0  0 14  0  0  0  0  0  0  0  0  0  0  0  0]
 [ 0  0  0  0 13  0  0  0  0  0  0  0  0  0  0  0]
 [ 1  0  0  0  0 12  0  0  0  0  0  0  0  0  0  0]
 [ 0  0  0  0  0  0 13  0  0  0  0  0  0  0  0  0]
 [ 0  0  0  0  0  0  0 13  0  0  0  0  0  0  0  0]
 [ 2  0  0  0  0  0  0  0 11  0  0  0  0  0  0  0]
 [ 0  0  0  0  0  0  0  0  0 14  0  0  0  0  0  0]
 [ 0  0  0  0  0  0  0  0  0  0 13  0  0  0  0  0]
 [ 0  0  0  0  0  0  0  0  0  0  0 13  0  0  0  0]
 [ 0  0  0  0  0  0  0  0  0  0  0  0 14  0  0  0]
 [ 0  0  0  0  0  0  0  0  0  0  0  0  0 13  0  0]
 [ 0  0  0  0  0  0  0  0  0  0  0  0  0  0 13  0]
 [ 0  0  0  0  0  0  0  0  0  0  0  0  0  0  0 27]]
              precision    recall  f1-score   support

           0      0.824     1.000     0.903        14
           1      1.000     1.000     1.000        13
           2      1.000     1.000     1.000        14
           3      1.000     1.000     1.000        14
           4      1.000     1.000     1.000        13
           5      1.000     0.923     0.960        13
           6      1.000     1.000     1.000        13
           7      1.000     1.000     1.000        13
           8      1.000     0.846     0.917        13
           9      1.000     1.000     1.000        14
          10      1.000     1.000     1.000        13
          11      1.000     1.000     1.000        13
          12      1.000     1.000     1.000        14
          13      1.000     1.000     1.000        13
          14      1.000     1.000     1.000        13
          15      1.000     1.000     1.000        27

    accuracy                          0.987       227
   macro avg      0.989     0.986     0.986       227
weighted avg      0.989     0.987     0.987       227

N4
Validation set prediction:
[[ 6  0  0  0  0  0  0  0  0  0  0  0  0  0  0  0]
 [ 0  7  0  0  0  0  0  0  0  0  0  0  0  0  0  0]
 [ 0  0  9  0  0  0  0  0  0  0  0  0  0  0  0  0]
 [ 0  0  0 11  0  0  0  0  0  0  0  0  0  0  0  0]
 [ 0  0  0  0  5  0  0  0  0  0  0  0  0  0  0  0]
 [ 0  0  0  0  0  8  0  0  0  0  0  0  0  0  0  0]
 [ 0  0  0  0  0  0  8  0  0  0  0  0  0  0  0  0]
 [ 0  0  0  0  0  0  0  9  0  0  0  0  0  0  0  0]
 [ 0  0  1  0  0  0  0  0  9  0  0  0  0  0  0  0]
 [ 0  0  0  0  0  0  0  0  0  5  0  0  0  0  0  0]
 [ 0  0  0  0  0  0  0  0  0  0  4  0  0  0  0  0]
 [ 0  0  0  0  0  0  0  0  0  0  0  8  0  0  0  0]
 [ 0  0  0  0  0  0  0  0  0  0  0  0  8  0  0  0]
 [ 0  0  0  0  0  0  0  0  0  0  0  0  0  7  0  0]
 [ 0  0  0  0  0  0  0  0  0  0  0  0  0  0 11  0]
 [ 0  0  0  0  0  0  0  0  0  0  0  0  0  0  0 17]]
              precision    recall  f1-score   support

           0      1.000     1.000     1.000         6
           1      1.000     1.000     1.000         7
           2      0.900     1.000     0.947         9
           3      1.000     1.000     1.000        11
           4      1.000     1.000     1.000         5
           5      1.000     1.000     1.000         8
           6      1.000     1.000     1.000         8
           7      1.000     1.000     1.000         9
           8      1.000     0.900     0.947        10
           9      1.000     1.000     1.000         5
          10      1.000     1.000     1.000         4
          11      1.000     1.000     1.000         8
          12      1.000     1.000     1.000         8
          13      1.000     1.000     1.000         7
          14      1.000     1.000     1.000        11
          15      1.000     1.000     1.000        17

    accuracy                          0.992       133
   macro avg      0.994     0.994     0.993       133
weighted avg      0.993     0.992     0.992       133

Test set prediction:
[[14  0  0  0  0  0  0  0  0  0  0  0  0  0  0  0]
 [ 0 13  0  0  0  0  0  0  0  0  0  0  0  0  0  0]
 [ 0  0 14  0  0  0  0  0  0  0  0  0  0  0  0  0]
 [ 0  0  0 14  0  0  0  0  0  0  0  0  0  0  0  0]
 [ 0  0  0  0 13  0  0  0  0  0  0  0  0  0  0  0]
 [ 1  0  0  0  0 12  0  0  0  0  0  0  0  0  0  0]
 [ 0  0  0  0  0  0 13  0  0  0  0  0  0  0  0  0]
 [ 0  0  0  0  0  0  0 13  0  0  0  0  0  0  0  0]
 [ 2  0  0  0  0  0  0  0 11  0  0  0  0  0  0  0]
 [ 0  0  0  0  0  0  0  0  0 14  0  0  0  0  0  0]
 [ 0  0  0  0  0  0  0  0  0  0 13  0  0  0  0  0]
 [ 0  0  0  0  0  0  0  0  0  0  0 13  0  0  0  0]
 [ 0  0  0  0  0  0  0  0  0  0  0  0 14  0  0  0]
 [ 0  0  0  0  0  0  0  0  0  0  0  0  0 13  0  0]
 [ 0  0  0  0  0  0  0  0  0  0  0  0  0  0 13  0]
 [ 0  0  0  0  0  0  0  0  0  0  0  0  0  0  0 27]]
              precision    recall  f1-score   support

           0      0.824     1.000     0.903        14
           1      1.000     1.000     1.000        13
           2      1.000     1.000     1.000        14
           3      1.000     1.000     1.000        14
           4      1.000     1.000     1.000        13
           5      1.000     0.923     0.960        13
           6      1.000     1.000     1.000        13
           7      1.000     1.000     1.000        13
           8      1.000     0.846     0.917        13
           9      1.000     1.000     1.000        14
          10      1.000     1.000     1.000        13
          11      1.000     1.000     1.000        13
          12      1.000     1.000     1.000        14
          13      1.000     1.000     1.000        13
          14      1.000     1.000     1.000        13
          15      1.000     1.000     1.000        27

    accuracy                          0.987       227
   macro avg      0.989     0.986     0.986       227
weighted avg      0.989     0.987     0.987       227



64x64

N1
Validation set prediction:
[[3 0 0 0 0 0 0 0 0 0 0 0 0 0 0 0]
 [0 4 0 0 0 0 0 0 0 0 0 0 0 0 0 0]
 [0 0 6 0 0 0 0 0 0 0 0 0 0 0 0 0]
 [0 0 0 4 0 0 0 0 0 0 0 0 0 0 0 0]
 [0 0 0 0 2 0 0 0 0 0 0 0 0 0 0 0]
 [0 0 0 0 0 4 0 0 0 0 0 0 0 0 0 0]
 [0 0 0 0 0 0 4 0 0 0 0 0 0 0 0 0]
 [0 0 0 0 0 0 0 7 0 0 0 0 0 0 0 0]
 [1 0 0 0 0 0 0 0 3 0 0 0 0 0 0 0]
 [0 0 0 0 0 0 0 0 0 3 0 0 0 0 0 0]
 [0 0 0 0 0 0 0 0 0 0 4 0 0 0 0 0]
 [0 0 0 0 0 0 0 0 0 0 0 4 0 0 0 0]
 [0 0 0 0 0 0 0 0 0 0 0 0 6 0 0 0]
 [0 0 0 0 0 0 0 0 0 0 0 0 0 6 0 0]
 [0 0 0 0 0 0 0 0 0 0 0 0 0 0 5 0]
 [0 0 0 0 0 0 0 0 0 0 0 0 0 0 0 6]]
              precision    recall  f1-score   support

           0      0.750     1.000     0.857         3
           1      1.000     1.000     1.000         4
           2      1.000     1.000     1.000         6
           3      1.000     1.000     1.000         4
           4      1.000     1.000     1.000         2
           5      1.000     1.000     1.000         4
           6      1.000     1.000     1.000         4
           7      1.000     1.000     1.000         7
           8      1.000     0.750     0.857         4
           9      1.000     1.000     1.000         3
          10      1.000     1.000     1.000         4
          11      1.000     1.000     1.000         4
          12      1.000     1.000     1.000         6
          13      1.000     1.000     1.000         6
          14      1.000     1.000     1.000         5
          15      1.000     1.000     1.000         6

    accuracy                          0.986        72
   macro avg      0.984     0.984     0.982        72
weighted avg      0.990     0.986     0.986        72

Test set prediction:
[[ 8  0  0  0  0  0  0  0  0  0  0  0  0  0  0  0]
 [ 0  8  0  0  0  0  0  0  0  0  0  0  0  0  0  0]
 [ 0  0  8  0  0  0  0  0  0  0  0  0  0  0  0  0]
 [ 0  0  0  8  0  0  0  0  0  0  0  0  0  0  0  0]
 [ 0  0  0  0  8  0  0  0  0  0  0  0  0  0  0  0]
 [ 0  0  0  0  0  8  0  0  0  0  0  0  0  0  0  0]
 [ 0  0  0  0  0  0  8  0  0  0  0  0  0  0  0  0]
 [ 0  0  0  0  0  0  0  8  0  0  0  0  0  0  0  0]
 [ 1  0  0  0  0  0  0  0  7  0  0  0  0  0  0  0]
 [ 0  0  0  0  0  0  0  0  0  8  0  0  0  0  0  0]
 [ 0  0  0  0  0  0  0  0  0  0  8  0  0  0  0  0]
 [ 0  0  0  0  0  0  0  0  0  0  0  8  0  0  0  0]
 [ 0  0  0  0  0  0  0  0  0  0  0  0  8  0  0  0]
 [ 0  0  0  0  0  0  0  0  0  0  0  0  0  8  0  0]
 [ 0  0  0  0  0  0  0  0  0  0  0  0  0  0  8  0]
 [ 0  0  0  0  0  0  0  0  0  0  0  0  0  0  0 15]]
              precision    recall  f1-score   support

           0      0.889     1.000     0.941         8
           1      1.000     1.000     1.000         8
           2      1.000     1.000     1.000         8
           3      1.000     1.000     1.000         8
           4      1.000     1.000     1.000         8
           5      1.000     1.000     1.000         8
           6      1.000     1.000     1.000         8
           7      1.000     1.000     1.000         8
           8      1.000     0.875     0.933         8
           9      1.000     1.000     1.000         8
          10      1.000     1.000     1.000         8
          11      1.000     1.000     1.000         8
          12      1.000     1.000     1.000         8
          13      1.000     1.000     1.000         8
          14      1.000     1.000     1.000         8
          15      1.000     1.000     1.000        15

    accuracy                          0.993       135
   macro avg      0.993     0.992     0.992       135
weighted avg      0.993     0.993     0.993       135

N2
Validation set prediction:
[[3 0 0 0 0 0 0 0 0 0 0 0 0 0 0 0]
 [0 4 0 0 0 0 0 0 0 0 0 0 0 0 0 0]
 [0 0 6 0 0 0 0 0 0 0 0 0 0 0 0 0]
 [0 0 0 4 0 0 0 0 0 0 0 0 0 0 0 0]
 [0 0 0 0 2 0 0 0 0 0 0 0 0 0 0 0]
 [0 0 0 0 0 4 0 0 0 0 0 0 0 0 0 0]
 [0 0 0 0 0 0 4 0 0 0 0 0 0 0 0 0]
 [0 0 0 0 0 0 0 7 0 0 0 0 0 0 0 0]
 [0 0 0 0 0 0 0 0 4 0 0 0 0 0 0 0]
 [0 0 0 0 0 0 0 0 0 3 0 0 0 0 0 0]
 [0 0 0 0 0 0 0 0 0 0 4 0 0 0 0 0]
 [0 0 0 0 0 0 0 0 0 0 0 4 0 0 0 0]
 [0 0 0 0 0 0 0 0 0 0 0 0 6 0 0 0]
 [0 0 0 0 0 0 0 0 0 0 0 0 0 6 0 0]
 [0 0 0 0 0 0 0 0 0 0 0 0 0 0 5 0]
 [0 0 0 0 0 0 0 0 0 0 0 0 0 0 0 6]]
              precision    recall  f1-score   support

           0      1.000     1.000     1.000         3
           1      1.000     1.000     1.000         4
           2      1.000     1.000     1.000         6
           3      1.000     1.000     1.000         4
           4      1.000     1.000     1.000         2
           5      1.000     1.000     1.000         4
           6      1.000     1.000     1.000         4
           7      1.000     1.000     1.000         7
           8      1.000     1.000     1.000         4
           9      1.000     1.000     1.000         3
          10      1.000     1.000     1.000         4
          11      1.000     1.000     1.000         4
          12      1.000     1.000     1.000         6
          13      1.000     1.000     1.000         6
          14      1.000     1.000     1.000         5
          15      1.000     1.000     1.000         6

    accuracy                          1.000        72
   macro avg      1.000     1.000     1.000        72
weighted avg      1.000     1.000     1.000        72

Test set prediction:
[[ 8  0  0  0  0  0  0  0  0  0  0  0  0  0  0  0]
 [ 0  8  0  0  0  0  0  0  0  0  0  0  0  0  0  0]
 [ 0  0  8  0  0  0  0  0  0  0  0  0  0  0  0  0]
 [ 0  0  0  8  0  0  0  0  0  0  0  0  0  0  0  0]
 [ 0  0  0  0  8  0  0  0  0  0  0  0  0  0  0  0]
 [ 0  0  0  0  0  8  0  0  0  0  0  0  0  0  0  0]
 [ 0  0  0  0  0  0  8  0  0  0  0  0  0  0  0  0]
 [ 0  0  0  0  0  0  0  8  0  0  0  0  0  0  0  0]
 [ 0  0  0  0  0  0  0  0  8  0  0  0  0  0  0  0]
 [ 0  0  0  0  0  0  0  0  0  8  0  0  0  0  0  0]
 [ 0  0  0  0  0  0  0  0  0  0  8  0  0  0  0  0]
 [ 0  0  0  0  0  0  0  0  0  0  0  8  0  0  0  0]
 [ 0  0  0  0  0  0  0  0  0  0  0  0  8  0  0  0]
 [ 0  0  0  0  0  0  0  0  0  0  0  0  0  8  0  0]
 [ 0  0  0  0  0  0  0  0  0  0  0  0  0  0  8  0]
 [ 0  0  0  0  0  0  0  0  0  0  0  0  0  0  0 15]]
              precision    recall  f1-score   support

           0      1.000     1.000     1.000         8
           1      1.000     1.000     1.000         8
           2      1.000     1.000     1.000         8
           3      1.000     1.000     1.000         8
           4      1.000     1.000     1.000         8
           5      1.000     1.000     1.000         8
           6      1.000     1.000     1.000         8
           7      1.000     1.000     1.000         8
           8      1.000     1.000     1.000         8
           9      1.000     1.000     1.000         8
          10      1.000     1.000     1.000         8
          11      1.000     1.000     1.000         8
          12      1.000     1.000     1.000         8
          13      1.000     1.000     1.000         8
          14      1.000     1.000     1.000         8
          15      1.000     1.000     1.000        15

    accuracy                          1.000       135
   macro avg      1.000     1.000     1.000       135
weighted avg      1.000     1.000     1.000       135

N3
Validation set prediction:
[[2 0 0 0 0 0 0 0 1 0 0 0 0 0 0 0]
 [0 4 0 0 0 0 0 0 0 0 0 0 0 0 0 0]
 [0 0 6 0 0 0 0 0 0 0 0 0 0 0 0 0]
 [0 0 0 4 0 0 0 0 0 0 0 0 0 0 0 0]
 [0 0 0 0 2 0 0 0 0 0 0 0 0 0 0 0]
 [0 0 0 0 0 4 0 0 0 0 0 0 0 0 0 0]
 [0 0 0 0 0 0 4 0 0 0 0 0 0 0 0 0]
 [0 0 0 0 0 0 0 7 0 0 0 0 0 0 0 0]
 [0 0 0 0 0 0 0 0 4 0 0 0 0 0 0 0]
 [0 0 0 0 0 0 0 0 0 3 0 0 0 0 0 0]
 [0 0 0 0 0 0 0 0 0 0 4 0 0 0 0 0]
 [0 0 0 0 0 0 0 0 0 0 0 4 0 0 0 0]
 [0 0 0 0 0 0 0 0 0 0 0 0 6 0 0 0]
 [0 0 0 0 0 0 0 0 0 0 0 0 0 6 0 0]
 [0 0 0 0 0 0 0 0 0 0 0 0 0 0 5 0]
 [0 0 0 0 0 0 0 0 0 0 0 0 0 0 0 6]]
              precision    recall  f1-score   support

           0      1.000     0.667     0.800         3
           1      1.000     1.000     1.000         4
           2      1.000     1.000     1.000         6
           3      1.000     1.000     1.000         4
           4      1.000     1.000     1.000         2
           5      1.000     1.000     1.000         4
           6      1.000     1.000     1.000         4
           7      1.000     1.000     1.000         7
           8      0.800     1.000     0.889         4
           9      1.000     1.000     1.000         3
          10      1.000     1.000     1.000         4
          11      1.000     1.000     1.000         4
          12      1.000     1.000     1.000         6
          13      1.000     1.000     1.000         6
          14      1.000     1.000     1.000         5
          15      1.000     1.000     1.000         6

    accuracy                          0.986        72
   macro avg      0.988     0.979     0.981        72
weighted avg      0.989     0.986     0.985        72

Test set prediction:
[[ 8  0  0  0  0  0  0  0  0  0  0  0  0  0  0  0]
 [ 0  8  0  0  0  0  0  0  0  0  0  0  0  0  0  0]
 [ 0  0  8  0  0  0  0  0  0  0  0  0  0  0  0  0]
 [ 0  0  0  8  0  0  0  0  0  0  0  0  0  0  0  0]
 [ 0  0  0  0  8  0  0  0  0  0  0  0  0  0  0  0]
 [ 0  0  0  0  0  8  0  0  0  0  0  0  0  0  0  0]
 [ 0  0  0  0  0  0  8  0  0  0  0  0  0  0  0  0]
 [ 0  0  0  0  0  0  0  8  0  0  0  0  0  0  0  0]
 [ 0  0  0  0  0  0  0  0  8  0  0  0  0  0  0  0]
 [ 0  0  0  0  0  0  0  0  0  8  0  0  0  0  0  0]
 [ 0  0  0  0  0  0  0  0  0  0  8  0  0  0  0  0]
 [ 0  0  0  0  0  0  0  0  0  0  0  8  0  0  0  0]
 [ 0  0  0  0  0  0  0  0  0  0  0  0  8  0  0  0]
 [ 0  0  0  0  0  0  0  0  0  0  0  0  0  8  0  0]
 [ 0  0  0  0  0  0  0  0  0  0  0  0  0  0  8  0]
 [ 0  0  0  0  0  0  0  0  0  0  0  0  0  0  0 15]]
              precision    recall  f1-score   support

           0      1.000     1.000     1.000         8
           1      1.000     1.000     1.000         8
           2      1.000     1.000     1.000         8
           3      1.000     1.000     1.000         8
           4      1.000     1.000     1.000         8
           5      1.000     1.000     1.000         8
           6      1.000     1.000     1.000         8
           7      1.000     1.000     1.000         8
           8      1.000     1.000     1.000         8
           9      1.000     1.000     1.000         8
          10      1.000     1.000     1.000         8
          11      1.000     1.000     1.000         8
          12      1.000     1.000     1.000         8
          13      1.000     1.000     1.000         8
          14      1.000     1.000     1.000         8
          15      1.000     1.000     1.000        15

    accuracy                          1.000       135
   macro avg      1.000     1.000     1.000       135
weighted avg      1.000     1.000     1.000       135


N4
Validation set prediction:
[[2 0 0 0 0 0 0 0 1 0 0 0 0 0 0 0]
 [0 4 0 0 0 0 0 0 0 0 0 0 0 0 0 0]
 [0 0 6 0 0 0 0 0 0 0 0 0 0 0 0 0]
 [0 0 0 4 0 0 0 0 0 0 0 0 0 0 0 0]
 [0 0 0 0 2 0 0 0 0 0 0 0 0 0 0 0]
 [0 0 0 0 0 4 0 0 0 0 0 0 0 0 0 0]
 [0 0 0 0 0 0 4 0 0 0 0 0 0 0 0 0]
 [0 0 0 0 0 0 0 7 0 0 0 0 0 0 0 0]
 [0 0 0 0 0 0 0 0 4 0 0 0 0 0 0 0]
 [0 0 0 0 0 0 0 0 0 3 0 0 0 0 0 0]
 [0 0 0 0 0 0 0 0 0 0 4 0 0 0 0 0]
 [0 0 0 0 0 0 0 0 0 0 0 4 0 0 0 0]
 [0 0 0 0 0 0 0 0 0 0 0 0 6 0 0 0]
 [0 0 0 0 0 0 0 0 0 0 0 0 0 6 0 0]
 [0 0 0 0 0 0 0 0 0 0 0 0 0 0 5 0]
 [0 0 0 0 0 0 0 0 0 0 0 0 0 0 0 6]]
              precision    recall  f1-score   support

           0      1.000     0.667     0.800         3
           1      1.000     1.000     1.000         4
           2      1.000     1.000     1.000         6
           3      1.000     1.000     1.000         4
           4      1.000     1.000     1.000         2
           5      1.000     1.000     1.000         4
           6      1.000     1.000     1.000         4
           7      1.000     1.000     1.000         7
           8      0.800     1.000     0.889         4
           9      1.000     1.000     1.000         3
          10      1.000     1.000     1.000         4
          11      1.000     1.000     1.000         4
          12      1.000     1.000     1.000         6
          13      1.000     1.000     1.000         6
          14      1.000     1.000     1.000         5
          15      1.000     1.000     1.000         6

    accuracy                          0.986        72
   macro avg      0.988     0.979     0.981        72
weighted avg      0.989     0.986     0.985        72

Test set prediction:
[[ 8  0  0  0  0  0  0  0  0  0  0  0  0  0  0  0]
 [ 0  8  0  0  0  0  0  0  0  0  0  0  0  0  0  0]
 [ 0  0  8  0  0  0  0  0  0  0  0  0  0  0  0  0]
 [ 0  0  0  8  0  0  0  0  0  0  0  0  0  0  0  0]
 [ 0  0  0  0  8  0  0  0  0  0  0  0  0  0  0  0]
 [ 0  0  0  0  0  8  0  0  0  0  0  0  0  0  0  0]
 [ 0  0  0  0  0  0  8  0  0  0  0  0  0  0  0  0]
 [ 0  0  0  0  0  0  0  8  0  0  0  0  0  0  0  0]
 [ 0  0  0  0  0  0  0  0  8  0  0  0  0  0  0  0]
 [ 0  0  0  0  0  0  0  0  0  8  0  0  0  0  0  0]
 [ 0  0  0  0  0  0  0  0  0  0  8  0  0  0  0  0]
 [ 0  0  0  0  0  0  0  0  0  0  0  8  0  0  0  0]
 [ 0  0  0  0  0  0  0  0  0  0  0  0  8  0  0  0]
 [ 0  0  0  0  0  0  0  0  0  0  0  0  0  8  0  0]
 [ 0  0  0  0  0  0  0  0  0  0  0  0  0  0  8  0]
 [ 0  0  0  0  0  0  0  0  0  0  0  0  0  0  0 15]]
              precision    recall  f1-score   support

           0      1.000     1.000     1.000         8
           1      1.000     1.000     1.000         8
           2      1.000     1.000     1.000         8
           3      1.000     1.000     1.000         8
           4      1.000     1.000     1.000         8
           5      1.000     1.000     1.000         8
           6      1.000     1.000     1.000         8
           7      1.000     1.000     1.000         8
           8      1.000     1.000     1.000         8
           9      1.000     1.000     1.000         8
          10      1.000     1.000     1.000         8
          11      1.000     1.000     1.000         8
          12      1.000     1.000     1.000         8
          13      1.000     1.000     1.000         8
          14      1.000     1.000     1.000         8
          15      1.000     1.000     1.000        15

    accuracy                          1.000       135
   macro avg      1.000     1.000     1.000       135
weighted avg      1.000     1.000     1.000       135